1 101 24 35 39 98
1 102 27 69 26 122
2 102 31 74 55 160
2 100 32 50 37 119
3 100 21 111 41 173
4 101 39 120 52 211
4 102 33 108 35 176
4 100 35 90 22 147
5 101 31 71 59 161
5 102 37 49 58 144
6 101 40 63 55 158
6 102 19 40 60 119
7 102 25 73 30 128
7 101 27 99 48 174
7 100 21 30 24 75
8 101 20 51 40 111
8 102 18 103 56 177
9 101 25 74 38 137
9 102 23 37 33 93
10 101 38 35 51 124
10 100 25 75 31 131
10 102 32 71 24 127
11 101 29 50 22 101
12 100 19 32 30 81
12 102 15 98 46 159
13 102 40 95 30 165
13 101 18 56 25 99
13 100 21 83 34 138
14 102 31 59 45 135
15 101 36 42 53 131
15 100 18 72 59 149
16 102 26 103 48 177
17 100 28 97 37 162
18 100 17 79 42 138
18 102 27 78 57 162
19 100 31 80 41 152
19 102 31 58 37 126
19 101 20 114 33 167
20 100 27 102 47 176
21 101 25 72 18 115
21 102 35 98 29 162
22 102 30 45 55 130
22 100 16 115 57 188
22 101 21 75 26 122
23 100 37 76 31 144
23 102 24 108 46 178
24 100 32 113 38 183
24 101 31 102 16 149
25 100 19 99 23 141
25 101 20 68 24 112
26 101 34 47 41 122
27 101 23 38 57 118
27 102 32 99 26 157
28 101 36 45 21 102
28 102 40 97 16 153
28 100 28 86 59 173
29 100 32 104 19 155
29 102 27 82 23 132
30 102 36 65 28 129
30 100 24 57 58 139
31 102 60 120 90 270
